100.04
99.9925
99.9636
99.95286667
99.94696667
99.9301
99.90736667
99.90296667
99.89196667
99.87856667
99.86376667
99.86563333
99.86836667
99.86153333
99.85706667
99.8486
99.83676667
99.83273333
99.8371
99.8365
99.83726667
99.8247
99.83183333
99.82303333
99.82016667
99.82683333
99.82733333
99.83153333
99.82353333
99.82096667
99.81496667
99.8143
99.81613333
99.81883333
99.81306667
99.81366667
99.82746667
99.81726667
99.8167
99.8139
99.81203333
99.81983333
99.81983333
99.8186
99.8175
99.8199
99.8162
99.8108
99.80496667
99.8167
99.81353333
99.8196
99.82386667
99.82436667
99.8233
99.8121
99.81483333
99.81583333
99.80973333
99.8038
99.8139
99.81166667
99.8099
99.82486667
99.82793333
99.8183
99.8264
99.83566667
99.82873333
99.82333333
99.81403333
99.81833333
99.82646667
99.8223
99.82393333
99.82626667
99.83273333
99.84356667
99.84316667
99.83683333
99.83556667
99.8302
99.83283333
99.8268
99.84136667
99.837
99.83783333
99.83493333
99.82333333
99.82306667
99.83343333
99.82543333
99.82393333
99.81866667
99.8084
99.80976667
99.81743333
99.80946667
99.81406667
99.81
99.8203
99.82006667
99.80916667
99.81123333
99.8173
99.8098
99.80766667
99.82116667
99.8265
99.81833333
99.81836667
99.8213
99.81973333
99.81803333
99.81906667
99.8193
99.82963333
99.81453333
99.8096
99.81693333
99.82256667
99.81193333
99.7959
99.8041
99.80233333
99.80656667
99.79336667
99.7988
99.7888
99.7843
99.78106667
99.7808
99.7805
99.78363333
99.7718
99.76966667
99.7744
99.776
99.76996667
99.7717
99.76363333
99.74473333
99.74673333
99.74556667
99.74046667
99.7367
99.73376667
99.7248
99.70536667
99.71216667
99.71506667
99.70593333
99.69903333
99.68196667
99.67516667
99.67086667
99.63626667
99.64123333
99.62833333
99.60913333
99.5996
99.59023333
99.5951
99.5745
99.56223333
99.5468
99.52416667
99.49776667
99.48463333
99.465
99.44983333
99.42576667
99.42703333
99.3781
99.36433333
99.33276667
99.29943333
99.2809
99.23826667
99.21723333
99.189
99.16686667
99.1234
99.07646667
99.05053333
99.00076667
98.95296667
98.90846667
98.86586667
98.8038
98.76306667
98.71526667
98.66616667
98.61293333
98.5441
98.47646667
98.40933333
98.34023333
98.257
98.1977
98.10943333
98.03036667
97.94826667
97.85406667
97.74806667
97.63986667
97.55156667
97.43456667
97.31166667
97.1774
97.06043333
96.9118
96.76096667
96.62543333
96.45536667
96.2774
96.1181
95.92363333
95.72336667
95.52906667
95.3153
95.0821
94.85266667
94.6032
94.3515
94.07406667
93.7914
93.4882
93.1793
92.84656667
92.51116667
92.14296667
91.77376667
91.37713333
90.9546
90.53216667
90.06933333
89.58833333
89.09806667
88.569
88.023
87.45183333
86.87693333
86.26493333
85.64453333
84.9986
84.33953333
83.6611
82.999
82.31053333
81.63266667
80.95503333
80.289
79.6614
79.0564
78.51056667
78.01053333
77.5811
77.2249
76.9614
76.72583333
76.5047
76.2906
76.0793
75.9107
75.7377
75.60083333
75.48543333
75.36866667
75.2881
75.19106667
75.113
75.0388
74.9598
74.8856
74.80473333
74.71663333
74.6419
74.5566
74.48546667
74.38133333
74.27506667
74.17443333
74.0745
73.92976667
73.79133333
73.63743333
73.4591
73.2592
73.06853333
72.86396667
72.62166667
72.36256667
72.09713333
71.80353333
71.49163333
71.16526667
70.83863333
70.46903333
70.08953333
69.69436667
69.26506667
68.83943333
68.3829
67.892
67.40303333
66.90053333
66.34053333
65.769
65.17063333
64.53593333
63.89806667
63.2113
62.4909
61.72843333
60.94033333
60.10206667
59.2149
58.31933333
57.37473333
56.3806
55.34053333
54.28673333
53.1738
52.02056667
50.82033333
49.6058
48.33383333
47.05603333
45.75046667
44.4212
43.0822
41.7071
40.32033333
38.94763333
37.56263333
36.20706667
34.84016667
33.50373333
32.1897
30.9191
29.6703
28.469
27.30363333
26.19723333
25.1019
24.07856667
23.07283333
22.12053333
21.2225
20.38323333
19.55626667
18.80286667
18.0693
17.38546667
16.7366
16.14886667
15.5892
15.072
14.57886667
14.1567
13.74616667
13.3777
13.0214
12.7305
12.46616667
12.21043333
11.99063333
11.7785
11.6165
11.45
11.3334
11.21403333
11.12046667
11.03636667
10.9643
10.89253333
10.8543
10.80003333
10.77036667
10.738
10.7202
10.71306667
10.68513333
10.67653333
10.67046667
10.65313333
10.64666667
10.62836667
10.6381
10.61646667
10.62386667
10.6277
10.6048
10.61846667
10.61036667
10.60493333
10.61586667
10.6038
10.57693333
10.582
10.601
10.58116667
10.5828
10.57573333
10.57053333
10.57986667
10.59363333
10.57046667
10.57566667
10.56516667
10.56236667
10.55123333
10.56073333
10.5446
10.54636667
10.53256667
10.5342
10.55066667
10.55233333
10.5437
10.544
10.53476667
10.52813333
10.51983333
10.52913333
10.52963333
10.52076667
10.5268
10.5074
10.5174
10.49656667
10.50813333
10.49766667
10.50173333
10.51403333
10.51186667
10.5
10.51106667
10.49243333
10.5074
10.48526667
10.48516667
10.49583333
10.48196667
10.47796667
10.4828
10.48123333
10.49506667
10.51133333
10.48363333
10.49496667
10.5123
10.4843
10.4938
10.4842
10.4828
10.48143333
10.4809
10.48846667
10.4829
10.48026667
10.48796667
10.49186667
10.47316667
10.4912
10.4866
10.48086667
10.4927
10.48926667
10.48176667
10.4906
10.50383333
10.4785
10.48643333
10.484
10.47633333
10.4748
10.4699
10.4709
10.45823333
10.4688
10.477
10.45406667
10.4684
10.47186667
10.45866667
10.46666667
10.47823333
10.46656667
10.46643333
10.47546667
10.45783333
10.4644
10.4679
10.46956667
10.4663
10.46893333
10.459
10.45973333
10.47083333
10.44323333
10.46093333
10.44653333
10.44453333
10.45073333
10.43423333
10.4391
10.43456667
10.42636667
10.4416
10.44563333
10.45736667
10.44776667
10.43423333
10.44143333
10.43076667
10.43216667
10.444
10.45296667
10.44386667
10.43273333
10.44373333
10.42583333
10.43026667
10.43243333
10.4297
10.40583333
10.41433333
10.39626667
10.3961
10.4001
10.4023
10.38846667
10.3746
10.3821
10.37916667
10.3565
10.3548
10.35023333
10.32734667
10.31953
10.32083
10.31236333
10.28717667
10.26855
10.25868667
10.22726
10.22232667
10.22150667
10.1902
10.16537667
10.16395333
10.14597333
10.11541667
10.09313
10.08018333
10.05347333
10.02044
9.99177
9.946986667
9.914793333
9.90363
9.85751
9.822583333
9.793266667
9.76588
9.709686667
9.673233333
9.63935
9.58227
9.540023333
9.4989
9.442713333
9.411606667
9.34379
9.294243333
9.24536
9.167946667
9.111456667
9.055606667
9.002603333
8.914556667
8.846016667
8.783806667
8.706903333
8.623876667
8.55502
8.488936667
8.41427
8.328643333
8.23757
8.149113333
8.044686667
7.9607
7.881236667
7.78484
7.68698
7.59645
7.504216667
7.419966667
7.319043333
7.226903333
7.145933333
7.04854
6.950056667
6.875426667
6.780983333
6.699123333
6.63684
6.58506
6.524953333
6.468473333
6.444993333
6.427403333
6.417616667
6.388626667
6.381716667
6.384583333
6.398873333
6.3995
6.381313333
6.37308
6.349413333
6.367656667
6.37181
6.37097
6.35626
6.361186667
6.36811
6.3487
6.345473333
6.348603333
6.347856667
6.34303
6.34517
6.34496
6.349413333
6.360096667
6.356853333
6.344613333
6.343813333
6.336083333
6.329676667
6.343023333
6.332186667
6.309633333
6.32039
6.332543333
6.344593333
6.323776667
6.30995
6.317926667
6.326553333
6.33671
6.311926667
6.312863333
6.31723
6.317983333
6.32987
6.316113333
6.307346667
6.307146667
6.316143333
6.298003333
6.30566
6.308206667
6.31119
6.29667
6.295093333